,max_depth,learning_rate,gamma,reg_lambda,n_est,score,lower_ci,upper_ci
0,7,0.5,0.0,1000.0,7,0.914729,0.8931752363596239,0.9362827636403761
1,5,0.5,1e-05,500.0,59,0.922481,0.9018434085932587,0.9431185914067413
2,9,1.0,0.0001,50.0,19,0.91938,0.8983690767217112,0.9403909232782888
3,5,1.0,0.0001,10.0,6,0.916279,0.8949039428690653,0.9376540571309346
4,3,0.1,0.01,500.0,8,0.866667,0.8404325979700947,0.8929014020299052
5,9,0.5,1.0,50.0,18,0.925581,0.9053263219465838,0.9458356780534162
6,9,1.0,0.1,1000.0,40,0.924031,0.9035836189873845,0.9444783810126156
7,7,1.0,0.0,10.0,19,0.925581,0.9053263219465838,0.9458356780534162
8,9,0.1,0.01,500.0,24,0.916279,0.8949039428690653,0.9376540571309346
9,5,0.1,0.1,50.0,7,0.9100779999999999,0.8880005707915921,0.9321554292084078
10,3,1.0,0.1,1000.0,46,0.9100779999999999,0.8880005707915921,0.9321554292084078
11,9,1.0,0.1,100.0,22,0.922481,0.9018434085932587,0.9431185914067413
12,5,0.1,0.0,50.0,7,0.9100779999999999,0.8880005707915921,0.9321554292084078
13,5,0.1,1e-05,1000.0,9,0.896124,0.8725779600103993,0.9196700399896007
14,5,0.1,1.0,500.0,23,0.905426,0.8828426391654689,0.928009360834531
15,7,0.5,0.0001,300.0,32,0.922481,0.9018434085932587,0.9431185914067413
16,5,0.1,0.001,500.0,8,0.902326,0.879414821096123,0.9252371789038769
17,3,0.1,0.1,50.0,77,0.913178,0.8914475446410955,0.9349084553589045
18,3,0.1,0.0,100.0,117,0.914729,0.8931752363596239,0.9362827636403761
19,3,0.5,0.1,50.0,31,0.91938,0.8983690767217112,0.9403909232782888
20,9,0.1,0.0001,500.0,24,0.916279,0.8949039428690653,0.9376540571309346
21,7,0.1,1e-05,1000.0,1,0.903876,0.881127825086624,0.926624174913376
22,5,1.0,1e-05,300.0,21,0.927132,0.9070727161288081,0.9471912838711918
23,9,1.0,0.0,500.0,10,0.92093,0.9001045020819398,0.9417554979180602
24,5,0.5,0.0001,10.0,27,0.925581,0.9053263219465838,0.9458356780534162
25,5,0.5,1e-05,10.0,27,0.925581,0.9053263219465838,0.9458356780534162
26,3,0.1,1.0,500.0,8,0.866667,0.8404325979700947,0.8929014020299052
27,5,1.0,0.1,300.0,16,0.922481,0.9018434085932587,0.9431185914067413
28,9,0.1,0.0,100.0,9,0.914729,0.8931752363596239,0.9362827636403761
29,9,0.5,0.0,50.0,29,0.925581,0.9053263219465838,0.9458356780534162
30,7,0.1,0.0001,100.0,6,0.911628,0.8897230440654562,0.9335329559345438
31,3,1.0,1.0,300.0,17,0.916279,0.8949039428690653,0.9376540571309346
32,5,0.5,0.1,500.0,44,0.917829,0.8966348312452403,0.9390231687547597
33,9,0.1,1.0,300.0,31,0.916279,0.8949039428690653,0.9376540571309346
34,3,0.1,0.001,500.0,8,0.866667,0.8404325979700947,0.8929014020299052
35,9,1.0,0.0,300.0,22,0.922481,0.9018434085932587,0.9431185914067413
36,9,0.5,1.0,100.0,36,0.924031,0.9035836189873845,0.9444783810126156
37,9,0.1,0.0,50.0,16,0.914729,0.8931752363596239,0.9362827636403761
38,7,0.1,0.1,10.0,17,0.913178,0.8914475446410955,0.9349084553589045
39,3,0.1,0.0,300.0,132,0.903876,0.881127825086624,0.926624174913376
40,7,0.5,0.01,50.0,22,0.927132,0.9070727161288081,0.9471912838711918
41,9,0.5,1.0,10.0,11,0.924031,0.9035836189873845,0.9444783810126156
42,7,1.0,0.01,300.0,30,0.91938,0.8983690767217112,0.9403909232782888
43,9,0.5,0.0001,50.0,25,0.922481,0.9018434085932587,0.9431185914067413
44,9,0.1,0.01,1000.0,11,0.906977,0.8845604113887532,0.9293935886112469
45,5,1.0,0.01,50.0,21,0.930233,0.9105723845217124,0.9498936154782875
46,5,0.1,0.01,100.0,28,0.911628,0.8897230440654562,0.9335329559345438
47,5,0.1,0.0,500.0,8,0.902326,0.879414821096123,0.9252371789038769
48,5,0.5,1.0,1000.0,18,0.906977,0.8845604113887532,0.9293935886112469
49,7,0.5,0.0001,50.0,26,0.924031,0.9035836189873845,0.9444783810126156
