,ks,neurons,lamb1,lamb2,score,lower_ci,upper_ci
0,9,75,1e-06,0.005,0.9054263830184937,0.8828430631379124,0.9280097028990749
1,6,100,1e-06,0.0,0.9333333373069763,0.9140825293843717,0.9525841452295809
2,6,75,0.0005,0.0005,0.9255813956260681,0.9053267670828823,0.9458360241692539
3,6,25,0.0,0.0001,0.9271317720413208,0.9070724592596814,0.9471910848229602
4,3,50,0.0005,1e-06,0.9131782650947571,0.89144783975666,0.9349086904328542
5,3,200,0.0005,0.0,0.9162790775299072,0.8949040293918576,0.9376541256679568
6,3,150,0.0005,4.9999999999999996e-06,0.8976744413375854,0.8742845768163943,0.9210643058587766
7,6,100,5e-05,5e-05,0.9240310192108154,0.9035836405709837,0.9444783978506471
8,9,10,0.005,1e-06,0.9286821484565735,0.9088207927931686,0.9485435041199783
9,9,100,0.0005,0.0001,0.9457364082336426,0.9282534251767148,0.9632193912905703
10,3,150,0.001,0.001,0.8930232524871826,0.8691697425576312,0.916876762416734
11,3,75,0.0001,0.0001,0.8728682398796082,0.8471596894518535,0.8985767903073628
12,6,150,0.005,5e-05,0.5116279125213623,0.4730508863098426,0.550204938732882
13,3,10,0.0005,1e-05,0.9333333373069763,0.9140825293843717,0.9525841452295809
14,9,75,1e-05,0.0005,0.9379844665527344,0.919371127896497,0.9565978052089718
15,3,150,0.0005,0.0005,0.908527135848999,0.8862791190105301,0.9307751526874679
16,6,150,0.005,1e-06,0.5116279125213623,0.4730508863098426,0.550204938732882
17,3,50,0.001,5e-05,0.9007751941680908,0.8777026996288517,0.9238476887073299
18,3,25,4.9999999999999996e-06,1e-05,0.9410852789878845,0.9229132836488702,0.9592572743268989
19,3,75,0.0,0.0005,0.9069767594337463,0.8845601448096998,0.9293933740577929
20,6,10,5e-05,4.9999999999999996e-06,0.9271317720413208,0.9070724592596814,0.9471910848229602
21,3,150,4.9999999999999996e-06,0.0,0.8930232524871826,0.8691697425576312,0.916876762416734
22,3,150,1e-06,0.0005,0.8976744413375854,0.8742845768163943,0.9210643058587766
23,6,50,0.005,1e-05,0.8837209343910217,0.8589817970172189,0.9084600717648246
24,9,100,0.0005,0.001,0.9193798303604126,0.898368886915095,0.9403907738057302
25,6,25,5e-05,1e-06,0.9333333373069763,0.9140825293843717,0.9525841452295809
26,6,100,4.9999999999999996e-06,0.001,0.934883713722229,0.9158422722127602,0.9539251552316979
27,3,10,5e-05,5e-05,0.9240310192108154,0.9035836405709837,0.9444783978506471
28,6,25,0.0005,5e-05,0.9410852789878845,0.9229132836488702,0.9592572743268989
29,9,75,0.0005,0.005,0.8775193691253662,0.8522183347318105,0.9028204035189219
30,3,25,1e-06,0.005,0.9038759469985962,0.8811277664806643,0.9266241275165281
31,3,75,1e-06,4.9999999999999996e-06,0.9224806427955627,0.901843007835949,0.9431182777551765
32,9,100,1e-05,5e-05,0.9255813956260681,0.9053267670828823,0.9458360241692539
33,3,100,4.9999999999999996e-06,0.0,0.9333333373069763,0.9140825293843717,0.9525841452295809
34,9,25,0.005,0.0001,0.9224806427955627,0.901843007835949,0.9431182777551765
35,3,100,0.005,0.0,0.5116279125213623,0.4730508863098426,0.550204938732882
36,3,10,1e-05,0.0005,0.9131782650947571,0.89144783975666,0.9349086904328542
37,9,75,0.005,1e-05,0.9317829608917236,0.9123257749632568,0.9512401468201904
38,3,10,0.0005,0.0005,0.934883713722229,0.9158422722127602,0.9539251552316979
39,6,25,0.001,0.005,0.9255813956260681,0.9053267670828823,0.9458360241692539
40,3,10,4.9999999999999996e-06,0.0001,0.9131782650947571,0.89144783975666,0.9349086904328542
41,6,50,0.001,4.9999999999999996e-06,0.9364340901374817,0.9176051031357484,0.955263077139215
42,3,25,5e-05,0.005,0.9023255705833435,0.8794143467675778,0.9252367943991092
43,6,50,4.9999999999999996e-06,0.0005,0.9441860318183899,0.926469592139036,0.9619024714977438
44,3,100,0.0,0.0001,0.9286821484565735,0.9088207927931686,0.9485435041199783
45,3,150,4.9999999999999996e-06,4.9999999999999996e-06,0.8465116024017334,0.8186933112902353,0.8743298935132315
46,9,75,0.005,0.0,0.9240310192108154,0.9035836405709837,0.9444783978506471
47,9,75,0.005,0.005,0.8728682398796082,0.8471596894518535,0.8985767903073628
48,9,75,0.0005,0.0005,0.9286821484565735,0.9088207927931686,0.9485435041199783
49,3,200,0.0001,0.001,0.9286821484565735,0.9088207927931686,0.9485435041199783
