,max_depth,learning_rate,gamma,reg_lambda,n_est,score,lower_ci,upper_ci
0,7,0.5,0.0,1000.0,73,0.92093,0.9001045020819398,0.9417554979180602
1,5,0.5,1e-05,500.0,49,0.92093,0.9001045020819398,0.9417554979180602
2,9,1.0,0.0001,50.0,28,0.9100779999999999,0.8880005707915921,0.9321554292084078
3,5,1.0,0.0001,10.0,23,0.922481,0.9018434085932587,0.9431185914067413
4,3,0.1,0.01,500.0,1,0.84031,0.81203941206968,0.86858058793032
5,9,0.5,1.0,50.0,23,0.922481,0.9018434085932587,0.9431185914067413
6,9,1.0,0.1,1000.0,32,0.91938,0.8983690767217112,0.9403909232782888
7,7,1.0,0.0,10.0,34,0.92093,0.9001045020819398,0.9417554979180602
8,9,0.1,0.01,500.0,2,0.882171,0.8572893774028764,0.9070526225971237
9,5,0.1,0.1,50.0,36,0.897674,0.8742840907875424,0.9210639092124575
10,3,1.0,0.1,1000.0,86,0.917829,0.8966348312452403,0.9390231687547597
11,9,1.0,0.1,100.0,29,0.92093,0.9001045020819398,0.9417554979180602
12,5,0.1,0.0,50.0,29,0.896124,0.8725779600103993,0.9196700399896007
13,5,0.1,1e-05,1000.0,69,0.896124,0.8725779600103993,0.9196700399896007
14,5,0.1,1.0,500.0,49,0.896124,0.8725779600103993,0.9196700399896007
15,7,0.5,0.0001,300.0,82,0.924031,0.9035836189873845,0.9444783810126156
16,5,0.1,0.001,500.0,43,0.894574,0.8708734614621157,0.9182745385378842
17,3,0.1,0.1,50.0,127,0.91938,0.8983690767217112,0.9403909232782888
18,3,0.1,0.0,100.0,54,0.891473,0.867468138190598,0.9154778618094019
19,3,0.5,0.1,50.0,32,0.917829,0.8966348312452403,0.9390231687547597
20,9,0.1,0.0001,500.0,3,0.88062,0.8555971787458374,0.9056428212541625
21,7,0.1,1e-05,1000.0,57,0.891473,0.867468138190598,0.9154778618094019
22,5,1.0,1e-05,300.0,62,0.930233,0.9105723845217124,0.9498936154782875
23,9,1.0,0.0,500.0,62,0.924031,0.9035836189873845,0.9444783810126156
24,5,0.5,0.0001,10.0,20,0.917829,0.8966348312452403,0.9390231687547597
25,5,0.5,1e-05,10.0,20,0.917829,0.8966348312452403,0.9390231687547597
26,3,0.1,1.0,500.0,1,0.84031,0.81203941206968,0.86858058793032
27,5,1.0,0.1,300.0,41,0.92093,0.9001045020819398,0.9417554979180602
28,9,0.1,0.0,100.0,97,0.91938,0.8983690767217112,0.9403909232782888
29,9,0.5,0.0,50.0,23,0.91938,0.8983690767217112,0.9403909232782888
30,7,0.1,0.0001,100.0,21,0.894574,0.8708734614621157,0.9182745385378842
31,3,1.0,1.0,300.0,37,0.916279,0.8949039428690653,0.9376540571309346
32,5,0.5,0.1,500.0,67,0.924031,0.9035836189873845,0.9444783810126156
33,9,0.1,1.0,300.0,50,0.902326,0.879414821096123,0.9252371789038769
34,3,0.1,0.001,500.0,1,0.84031,0.81203941206968,0.86858058793032
35,9,1.0,0.0,300.0,14,0.914729,0.8931752363596239,0.9362827636403761
36,9,0.5,1.0,100.0,37,0.914729,0.8931752363596239,0.9362827636403761
37,9,0.1,0.0,50.0,90,0.917829,0.8966348312452403,0.9390231687547597
38,7,0.1,0.1,10.0,97,0.922481,0.9018434085932587,0.9431185914067413
39,3,0.1,0.0,300.0,43,0.87907,0.8539074315073454,0.9042325684926547
40,7,0.5,0.01,50.0,32,0.924031,0.9035836189873845,0.9444783810126156
41,9,0.5,1.0,10.0,18,0.906977,0.8845604113887532,0.9293935886112469
42,7,1.0,0.01,300.0,45,0.917829,0.8966348312452403,0.9390231687547597
43,9,0.5,0.0001,50.0,23,0.91938,0.8983690767217112,0.9403909232782888
44,9,0.1,0.01,1000.0,1,0.872868,0.8471594288506472,0.8985765711493527
45,5,1.0,0.01,50.0,22,0.917829,0.8966348312452403,0.9390231687547597
46,5,0.1,0.01,100.0,122,0.92093,0.9001045020819398,0.9417554979180602
47,5,0.1,0.0,500.0,43,0.894574,0.8708734614621157,0.9182745385378842
48,5,0.5,1.0,1000.0,63,0.914729,0.8931752363596239,0.9362827636403761
49,7,0.5,0.0001,50.0,16,0.922481,0.9018434085932587,0.9431185914067413
