,max_depth,learning_rate,gamma,reg_lambda,n_est,score,lower_ci,upper_ci
0,7,0.5,0.0,1000.0,24,0.852713,0.8253628404452751,0.880063159554725
1,5,0.5,1e-05,500.0,100,0.883721,0.8589818686872314,0.9084601313127686
2,9,1.0,0.0001,50.0,33,0.871318,0.8454761585197754,0.8971598414802247
3,5,1.0,0.0001,10.0,33,0.860465,0.8337235841732592,0.8872064158267409
4,3,0.1,0.01,500.0,61,0.826357,0.7971229685778192,0.8555910314221808
5,9,0.5,1.0,50.0,44,0.8744190000000001,0.8488450403630441,0.899992959636956
6,9,1.0,0.1,1000.0,82,0.882171,0.8572893774028764,0.9070526225971237
7,7,1.0,0.0,10.0,37,0.8775189999999999,0.8522179328024455,0.9028200671975544
8,9,0.1,0.01,500.0,3,0.787597,0.7560317986568079,0.8191622013431921
9,5,0.1,0.1,50.0,94,0.87907,0.8539074315073454,0.9042325684926547
10,3,1.0,0.1,1000.0,84,0.883721,0.8589818686872314,0.9084601313127686
11,9,1.0,0.1,100.0,16,0.8775189999999999,0.8522179328024455,0.9028200671975544
12,5,0.1,0.0,50.0,89,0.8775189999999999,0.8522179328024455,0.9028200671975544
13,5,0.1,1e-05,1000.0,92,0.83876,0.8103787535912448,0.8671412464087551
14,5,0.1,1.0,500.0,157,0.868217,0.8421122191528927,0.8943217808471073
15,7,0.5,0.0001,300.0,51,0.8883719999999999,0.8640689815372394,0.9126750184627604
16,5,0.1,0.001,500.0,94,0.851163,0.8236943044303882,0.8786316955696118
17,3,0.1,0.1,50.0,99,0.854264,0.827033495402289,0.8814945045977111
18,3,0.1,0.0,100.0,110,0.849612,0.8220257209639552,0.8771982790360449
19,3,0.5,0.1,50.0,44,0.87907,0.8539074315073454,0.9042325684926547
20,9,0.1,0.0001,500.0,3,0.7860469999999999,0.7543980241090652,0.8176959758909347
21,7,0.1,1e-05,1000.0,89,0.84031,0.81203941206968,0.86858058793032
22,5,1.0,1e-05,300.0,38,0.882171,0.8572893774028764,0.9070526225971237
23,9,1.0,0.0,500.0,28,0.872868,0.8471594288506472,0.8985765711493527
24,5,0.5,0.0001,10.0,42,0.886822,0.8623721921252314,0.9112718078747686
25,5,0.5,1e-05,10.0,42,0.886822,0.8623721921252314,0.9112718078747686
26,3,0.1,1.0,500.0,119,0.843411,0.8153646422262837,0.8714573577737164
27,5,1.0,0.1,300.0,16,0.8775189999999999,0.8522179328024455,0.9028200671975544
28,9,0.1,0.0,100.0,108,0.886822,0.8623721921252314,0.9112718078747686
29,9,0.5,0.0,50.0,38,0.8744190000000001,0.8488450403630441,0.899992959636956
30,7,0.1,0.0001,100.0,93,0.8883719999999999,0.8640689815372394,0.9126750184627604
31,3,1.0,1.0,300.0,32,0.8744190000000001,0.8488450403630441,0.899992959636956
32,5,0.5,0.1,500.0,116,0.891473,0.867468138190598,0.9154778618094019
33,9,0.1,1.0,300.0,1,0.7922480000000001,0.7609382646659226,0.8235577353340775
34,3,0.1,0.001,500.0,61,0.826357,0.7971229685778192,0.8555910314221808
35,9,1.0,0.0,300.0,27,0.87907,0.8539074315073454,0.9042325684926547
36,9,0.5,1.0,100.0,16,0.872868,0.8471594288506472,0.8985765711493527
37,9,0.1,0.0,50.0,55,0.868217,0.8421122191528927,0.8943217808471073
38,7,0.1,0.1,10.0,29,0.862016,0.8353996656924301,0.8886323343075699
39,3,0.1,0.0,300.0,47,0.823256,0.7938174777135244,0.8526945222864756
40,7,0.5,0.01,50.0,25,0.8744190000000001,0.8488450403630441,0.899992959636956
41,9,0.5,1.0,10.0,26,0.871318,0.8454761585197754,0.8971598414802247
42,7,1.0,0.01,300.0,46,0.894574,0.8708734614621157,0.9182745385378842
43,9,0.5,0.0001,50.0,35,0.872868,0.8471594288506472,0.8985765711493527
44,9,0.1,0.01,1000.0,16,0.7922480000000001,0.7609382646659226,0.8235577353340775
45,5,1.0,0.01,50.0,55,0.891473,0.867468138190598,0.9154778618094019
46,5,0.1,0.01,100.0,89,0.8744190000000001,0.8488450403630441,0.899992959636956
47,5,0.1,0.0,500.0,91,0.849612,0.8220257209639552,0.8771982790360449
48,5,0.5,1.0,1000.0,37,0.851163,0.8236943044303882,0.8786316955696118
49,7,0.5,0.0001,50.0,20,0.8744190000000001,0.8488450403630441,0.899992959636956
