,neurons,lamb1,lamb2,score,lower_ci,upper_ci
0,25,5e-05,0.0005,0.9116278886795044,0.8897229202857679,0.9335328570732409
1,10,1e-05,1e-05,0.908527135848999,0.8862791190105301,0.9307751526874679
2,100,5e-05,0.005,0.9023255705833435,0.8794143467675778,0.9252367943991092
3,150,1e-06,0.001,0.9131782650947571,0.89144783975666,0.9349086904328542
4,25,0.0,0.005,0.8992248177528381,0.8759927881502024,0.9224568473554738
5,200,0.0001,1e-05,0.9116278886795044,0.8897229202857679,0.9335328570732409
6,75,0.001,0.0,0.9147287011146545,0.8931749032213397,0.9362824990079693
7,150,0.005,0.0,0.8976744413375854,0.8742845768163943,0.9210643058587766
8,75,4.9999999999999996e-06,0.0001,0.8992248177528381,0.8759927881502024,0.9224568473554738
9,10,0.0005,0.0001,0.9178294539451599,0.8966353384918218,0.9390235693984981
10,75,0.0,1e-06,0.9069767594337463,0.8845601448096998,0.9293933740577929
11,50,0.0,5e-05,0.9023255705833435,0.8794143467675778,0.9252367943991092
12,75,1e-06,1e-05,0.9007751941680908,0.8777026996288517,0.9238476887073299
13,200,0.0001,1e-06,0.9116278886795044,0.8897229202857679,0.9335328570732409
14,50,1e-06,0.001,0.9116278886795044,0.8897229202857679,0.9335328570732409
15,100,0.0,0.005,0.8992248177528381,0.8759927881502024,0.9224568473554738
16,10,4.9999999999999996e-06,5e-05,0.9054263830184937,0.8828430631379124,0.9280097028990749
17,50,5e-05,5e-05,0.9147287011146545,0.8931749032213397,0.9362824990079693
18,25,0.001,5e-05,0.9178294539451599,0.8966353384918218,0.9390235693984981
19,75,5e-05,1e-05,0.908527135848999,0.8862791190105301,0.9307751526874679
20,10,0.0,4.9999999999999996e-06,0.9054263830184937,0.8828430631379124,0.9280097028990749
21,25,5e-05,0.0001,0.9131782650947571,0.89144783975666,0.9349086904328542
22,150,0.0001,5e-05,0.908527135848999,0.8862791190105301,0.9307751526874679
23,100,1e-05,1e-06,0.9023255705833435,0.8794143467675778,0.9252367943991092
24,10,1e-05,1e-06,0.9100775122642517,0.8880000290980485,0.9321549954304549
25,150,0.001,0.0005,0.9147287011146545,0.8931749032213397,0.9362824990079693
26,50,0.0005,1e-05,0.9209302067756653,0.9001047337500013,0.9417556798013292
27,75,4.9999999999999996e-06,0.001,0.9147287011146545,0.8931749032213397,0.9362824990079693
28,200,0.0001,0.0001,0.9069767594337463,0.8845601448096998,0.9293933740577929
29,50,1e-06,4.9999999999999996e-06,0.908527135848999,0.8862791190105301,0.9307751526874679
30,10,0.0001,1e-06,0.9069767594337463,0.8845601448096998,0.9293933740577929
31,50,5e-05,0.0001,0.9116278886795044,0.8897229202857679,0.9335328570732409
32,200,5e-05,1e-06,0.9069767594337463,0.8845601448096998,0.9293933740577929
33,50,0.001,1e-05,0.9178294539451599,0.8966353384918218,0.9390235693984981
34,75,0.0001,0.005,0.8992248177528381,0.8759927881502024,0.9224568473554738
35,150,0.0001,0.0005,0.9147287011146545,0.8931749032213397,0.9362824990079693
36,200,0.0,5e-05,0.8976744413375854,0.8742845768163943,0.9210643058587766
37,25,0.0001,1e-06,0.908527135848999,0.8862791190105301,0.9307751526874679
38,25,4.9999999999999996e-06,1e-05,0.9054263830184937,0.8828430631379124,0.9280097028990749
39,75,1e-06,4.9999999999999996e-06,0.9038759469985962,0.8811277664806643,0.9266241275165281
40,25,1e-05,1e-05,0.8992248177528381,0.8759927881502024,0.9224568473554738
41,150,0.005,0.0005,0.8992248177528381,0.8759927881502024,0.9224568473554738
42,100,1e-05,4.9999999999999996e-06,0.9023255705833435,0.8794143467675778,0.9252367943991092
43,150,0.0,0.0,0.8914728760719299,0.8674680022253539,0.915477749918506
44,25,1e-05,0.0,0.8992248177528381,0.8759927881502024,0.9224568473554738
45,100,0.0005,0.001,0.9178294539451599,0.8966353384918218,0.9390235693984981
46,150,4.9999999999999996e-06,1e-05,0.9038759469985962,0.8811277664806643,0.9266241275165281
47,100,0.001,0.001,0.9147287011146545,0.8931749032213397,0.9362824990079693
48,50,0.0005,0.0005,0.9162790775299072,0.8949040293918576,0.9376541256679568
49,150,1e-06,1e-06,0.9054263830184937,0.8828430631379124,0.9280097028990749
