,neurons,lamb1,lamb2,score,lower_ci,upper_ci
0,25,5e-05,0.0005,0.817054271697998,0.7872167461982483,0.8468917971977478
1,10,1e-05,1e-05,0.8372092843055725,0.808718260984394,0.865700307626751
2,100,5e-05,0.005,0.7689922451972961,0.7364647610606795,0.8015197293339128
3,150,1e-06,0.001,0.7829457521438599,0.7511311720948756,0.8147603321928442
4,25,0.0,0.005,0.7798449397087097,0.7478674270620558,0.8118224523553637
5,200,0.0001,1e-05,0.8372092843055725,0.808718260984394,0.865700307626751
6,75,0.001,0.0,0.8015503883361816,0.7707705201841005,0.8323302564882628
7,150,0.005,0.0,0.5116279125213623,0.4730508863098426,0.550204938732882
8,75,4.9999999999999996e-06,0.0001,0.7798449397087097,0.7478674270620558,0.8118224523553637
9,10,0.0005,0.0001,0.8155038952827454,0.7855686490640252,0.8454391415014655
10,75,0.0,1e-06,0.7922480702400208,0.7609383388108377,0.8235578016692038
11,50,0.0,5e-05,0.8062015771865845,0.7756964278842216,0.8367067264889474
12,75,1e-06,1e-05,0.8077519536018372,0.7773398689835714,0.8381640382201029
13,200,0.0001,1e-06,0.800000011920929,0.7691300427573667,0.8308699810844912
14,50,1e-06,0.001,0.7922480702400208,0.7609383388108377,0.8235578016692038
15,100,0.0,0.005,0.7658914923667908,0.7332125167012339,0.7985704680323477
16,10,4.9999999999999996e-06,5e-05,0.8186046481132507,0.7888656458201602,0.8483436504063413
17,50,5e-05,5e-05,0.8108527064323425,0.7806290318117904,0.8410763810528946
18,25,0.001,5e-05,0.8201550245285034,0.7905153559322439,0.849794693124763
19,75,5e-05,1e-05,0.7968991994857788,0.7658511925390911,0.8279472064324666
20,10,0.0,4.9999999999999996e-06,0.8325581550598145,0.8037433620682416,0.8613729480513873
21,25,5e-05,0.0001,0.8124030828475952,0.7822747678027682,0.8425313978924223
22,150,0.0001,5e-05,0.804651141166687,0.7740536745875374,0.8352486077458366
23,100,1e-05,1e-06,0.8248062133789062,0.7954694954096289,0.8541429313481836
24,10,1e-05,1e-06,0.8248062133789062,0.7954694954096289,0.8541429313481836
25,150,0.001,0.0005,0.7984496355056763,0.7674902899614553,0.8294089810498972
26,50,0.0005,1e-05,0.8186046481132507,0.7888656458201602,0.8483436504063413
27,75,4.9999999999999996e-06,0.001,0.7968991994857788,0.7658511925390911,0.8279472064324666
28,200,0.0001,0.0001,0.8108527064323425,0.7806290318117904,0.8410763810528946
29,50,1e-06,4.9999999999999996e-06,0.804651141166687,0.7740536745875374,0.8352486077458366
30,10,0.0001,1e-06,0.8356589078903198,0.8070590535088675,0.8642587622717721
31,50,5e-05,0.0001,0.8201550245285034,0.7905153559322439,0.849794693124763
32,200,5e-05,1e-06,0.7720929980278015,0.7397194831022439,0.8044665129533591
33,50,0.001,1e-05,0.8031007647514343,0.7724117286240626,0.833789800878806
34,75,0.0001,0.005,0.751937985420227,0.7186070609482366,0.7852689098922175
35,150,0.0001,0.0005,0.8325581550598145,0.8037433620682416,0.8613729480513873
36,200,0.0,5e-05,0.7844961285591125,0.7527640036877234,0.8162282534305016
37,25,0.0001,1e-06,0.8573643565177917,0.8303762162215588,0.8843524968140247
38,25,4.9999999999999996e-06,1e-05,0.8155038952827454,0.7855686490640252,0.8454391415014655
39,75,1e-06,4.9999999999999996e-06,0.7906976938247681,0.7593021177069283,0.8220932699426078
40,25,1e-05,1e-05,0.8465116024017334,0.8186933112902353,0.8743298935132315
41,150,0.005,0.0005,0.5116279125213623,0.4730508863098426,0.550204938732882
42,100,1e-05,4.9999999999999996e-06,0.8015503883361816,0.7707705201841005,0.8323302564882628
43,150,0.0,0.0,0.8031007647514343,0.7724117286240626,0.833789800878806
44,25,1e-05,0.0,0.8279069662094116,0.7987764200039351,0.8570375124148881
45,100,0.0005,0.001,0.8124030828475952,0.7822747678027682,0.8425313978924223
46,150,4.9999999999999996e-06,1e-05,0.7875968813896179,0.7560316736099107,0.8191620891693251
47,100,0.001,0.001,0.8217054009437561,0.7921658847109002,0.851244917176612
48,50,0.0005,0.0005,0.8139534592628479,0.7839212832681066,0.8439856352575892
49,150,1e-06,1e-06,0.7906976938247681,0.7593021177069283,0.8220932699426078
