,neurons,lamb1,lamb2,score,lower_ci,upper_ci
0,25,5e-05,0.0005,0.8666666746139526,0.8404322454976284,0.8929011037302769
1,10,1e-05,1e-05,0.9193798303604126,0.898368886915095,0.9403907738057302
2,100,5e-05,0.005,0.8945736289024353,0.8708730535677351,0.9182742042371355
3,150,1e-06,0.001,0.8992248177528381,0.8759927881502024,0.9224568473554738
4,25,0.0,0.005,0.882170557975769,0.8572888949418312,0.9070522210097068
5,200,0.0001,1e-05,0.908527135848999,0.8862791190105301,0.9307751526874679
6,75,0.001,0.0,0.882170557975769,0.8572888949418312,0.9070522210097068
7,150,0.005,0.0,0.8108527064323425,0.7806290318117904,0.8410763810528946
8,75,4.9999999999999996e-06,0.0001,0.9162790775299072,0.8949040293918576,0.9376541256679568
9,10,0.0005,0.0001,0.8713178038597107,0.845475945593706,0.8971596621257154
10,75,0.0,1e-06,0.9023255705833435,0.8794143467675778,0.9252367943991092
11,50,0.0,5e-05,0.9178294539451599,0.8966353384918218,0.9390235693984981
12,75,1e-06,1e-05,0.9116278886795044,0.8897229202857679,0.9335328570732409
13,200,0.0001,1e-06,0.9162790775299072,0.8949040293918576,0.9376541256679568
14,50,1e-06,0.001,0.9069767594337463,0.8845601448096998,0.9293933740577929
15,100,0.0,0.005,0.8930232524871826,0.8691697425576312,0.916876762416734
16,10,4.9999999999999996e-06,5e-05,0.5116279125213623,0.4730508863098426,0.550204938732882
17,50,5e-05,5e-05,0.9023255705833435,0.8794143467675778,0.9252367943991092
18,25,0.001,5e-05,0.9007751941680908,0.8777026996288517,0.9238476887073299
19,75,5e-05,1e-05,0.9116278886795044,0.8897229202857679,0.9335328570732409
20,10,0.0,4.9999999999999996e-06,0.8589147329330444,0.8320494095599991,0.8857800563060898
21,25,5e-05,0.0001,0.9023255705833435,0.8794143467675778,0.9252367943991092
22,150,0.0001,5e-05,0.9054263830184937,0.8828430631379124,0.9280097028990749
23,100,1e-05,1e-06,0.9131782650947571,0.89144783975666,0.9349086904328542
24,10,1e-05,1e-06,0.8418604731559753,0.8137015209220557,0.870019425389895
25,150,0.001,0.0005,0.8573643565177917,0.8303762162215588,0.8843524968140247
26,50,0.0005,1e-05,0.8713178038597107,0.845475945593706,0.8971596621257154
27,75,4.9999999999999996e-06,0.001,0.9038759469985962,0.8811277664806643,0.9266241275165281
28,200,0.0001,0.0001,0.9209302067756653,0.9001047337500013,0.9417556798013292
29,50,1e-06,4.9999999999999996e-06,0.908527135848999,0.8862791190105301,0.9307751526874679
30,10,0.0001,1e-06,0.8573643565177917,0.8303762162215588,0.8843524968140247
31,50,5e-05,0.0001,0.9147287011146545,0.8931749032213397,0.9362824990079693
32,200,5e-05,1e-06,0.9147287011146545,0.8931749032213397,0.9362824990079693
33,50,0.001,1e-05,0.8527131676673889,0.8253630209910914,0.8800633143436865
34,75,0.0001,0.005,0.8930232524871826,0.8691697425576312,0.916876762416734
35,150,0.0001,0.0005,0.8914728760719299,0.8674680022253539,0.915477749918506
36,200,0.0,5e-05,0.9193798303604126,0.898368886915095,0.9403907738057302
37,25,0.0001,1e-06,0.8480620384216309,0.8203592698766561,0.8757648069666056
38,25,4.9999999999999996e-06,1e-05,0.9116278886795044,0.8897229202857679,0.9335328570732409
39,75,1e-06,4.9999999999999996e-06,0.9038759469985962,0.8811277664806643,0.9266241275165281
40,25,1e-05,1e-05,0.9178294539451599,0.8966353384918218,0.9390235693984981
41,150,0.005,0.0005,0.8077519536018372,0.7773398689835714,0.8381640382201029
42,100,1e-05,4.9999999999999996e-06,0.9162790775299072,0.8949040293918576,0.9376541256679568
43,150,0.0,0.0,0.9054263830184937,0.8828430631379124,0.9280097028990749
44,25,1e-05,0.0,0.9131782650947571,0.89144783975666,0.9349086904328542
45,100,0.0005,0.001,0.8868216872215271,0.8623718498737438,0.9112715245693104
46,150,4.9999999999999996e-06,1e-05,0.9131782650947571,0.89144783975666,0.9349086904328542
47,100,0.001,0.001,0.8713178038597107,0.845475945593706,0.8971596621257154
48,50,0.0005,0.0005,0.8604651093482971,0.8337237023005208,0.8872065163960734
49,150,1e-06,1e-06,0.9162790775299072,0.8949040293918576,0.9376541256679568
