,neurons,lamb1,lamb2,score,lower_ci,upper_ci
0,25,5e-05,0.0005,0.8992248177528381,0.8759927881502024,0.9224568473554738
1,10,1e-05,1e-05,0.9100775122642517,0.8880000290980485,0.9321549954304549
2,100,5e-05,0.005,0.8666666746139526,0.8404322454976284,0.8929011037302769
3,150,1e-06,0.001,0.8945736289024353,0.8708730535677351,0.9182742042371355
4,25,0.0,0.005,0.8713178038597107,0.845475945593706,0.8971596621257154
5,200,0.0001,1e-05,0.9147287011146545,0.8931749032213397,0.9362824990079693
6,75,0.001,0.0,0.8899224996566772,0.8657678030432178,0.9140771962701367
7,150,0.005,0.0,0.8294573426246643,0.8004311712574178,0.8584835139919108
8,75,4.9999999999999996e-06,0.0001,0.9100775122642517,0.8880000290980485,0.9321549954304549
9,10,0.0005,0.0001,0.9069767594337463,0.8845601448096998,0.9293933740577929
10,75,0.0,1e-06,0.9023255705833435,0.8794143467675778,0.9252367943991092
11,50,0.0,5e-05,0.9007751941680908,0.8777026996288517,0.9238476887073299
12,75,1e-06,1e-05,0.8976744413375854,0.8742845768163943,0.9210643058587766
13,200,0.0001,1e-06,0.9100775122642517,0.8880000290980485,0.9321549954304549
14,50,1e-06,0.001,0.8914728760719299,0.8674680022253539,0.915477749918506
15,100,0.0,0.005,0.8651162981987,0.8387533971721818,0.8914791992252181
16,10,4.9999999999999996e-06,5e-05,0.8976744413375854,0.8742845768163943,0.9210643058587766
17,50,5e-05,5e-05,0.9023255705833435,0.8794143467675778,0.9252367943991092
18,25,0.001,5e-05,0.8868216872215271,0.8623718498737438,0.9112715245693104
19,75,5e-05,1e-05,0.9054263830184937,0.8828430631379124,0.9280097028990749
20,10,0.0,4.9999999999999996e-06,0.9023255705833435,0.8794143467675778,0.9252367943991092
21,25,5e-05,0.0001,0.908527135848999,0.8862791190105301,0.9307751526874679
22,150,0.0001,5e-05,0.9054263830184937,0.8828430631379124,0.9280097028990749
23,100,1e-05,1e-06,0.9023255705833435,0.8794143467675778,0.9252367943991092
24,10,1e-05,1e-06,0.908527135848999,0.8862791190105301,0.9307751526874679
25,150,0.001,0.0005,0.882170557975769,0.8572888949418312,0.9070522210097068
26,50,0.0005,1e-05,0.9023255705833435,0.8794143467675778,0.9252367943991092
27,75,4.9999999999999996e-06,0.001,0.8945736289024353,0.8708730535677351,0.9182742042371355
28,200,0.0001,0.0001,0.9054263830184937,0.8828430631379124,0.9280097028990749
29,50,1e-06,4.9999999999999996e-06,0.9023255705833435,0.8794143467675778,0.9252367943991092
30,10,0.0001,1e-06,0.9100775122642517,0.8880000290980485,0.9321549954304549
31,50,5e-05,0.0001,0.9069767594337463,0.8845601448096998,0.9293933740577929
32,200,5e-05,1e-06,0.9054263830184937,0.8828430631379124,0.9280097028990749
33,50,0.001,1e-05,0.8914728760719299,0.8674680022253539,0.915477749918506
34,75,0.0001,0.005,0.8635658621788025,0.8370756478382156,0.8900560765193893
35,150,0.0001,0.0005,0.8945736289024353,0.8708730535677351,0.9182742042371355
36,200,0.0,5e-05,0.8992248177528381,0.8759927881502024,0.9224568473554738
37,25,0.0001,1e-06,0.908527135848999,0.8862791190105301,0.9307751526874679
38,25,4.9999999999999996e-06,1e-05,0.9038759469985962,0.8811277664806643,0.9266241275165281
39,75,1e-06,4.9999999999999996e-06,0.9038759469985962,0.8811277664806643,0.9266241275165281
40,25,1e-05,1e-05,0.9054263830184937,0.8828430631379124,0.9280097028990749
41,150,0.005,0.0005,0.8217054009437561,0.7921658847109002,0.851244917176612
42,100,1e-05,4.9999999999999996e-06,0.9023255705833435,0.8794143467675778,0.9252367943991092
43,150,0.0,0.0,0.8992248177528381,0.8759927881502024,0.9224568473554738
44,25,1e-05,0.0,0.9023255705833435,0.8794143467675778,0.9252367943991092
45,100,0.0005,0.001,0.8868216872215271,0.8623718498737438,0.9112715245693104
46,150,4.9999999999999996e-06,1e-05,0.8992248177528381,0.8759927881502024,0.9224568473554738
47,100,0.001,0.001,0.8852713108062744,0.8606761070394267,0.9098665145731222
48,50,0.0005,0.0005,0.8899224996566772,0.8657678030432178,0.9140771962701367
49,150,1e-06,1e-06,0.8930232524871826,0.8691697425576312,0.916876762416734
