,neurons,lamb1,lamb2,score,lower_ci,upper_ci
0,25,5e-05,0.0005,0.7751938104629517,0.7429767809864006,0.8074108399395027
1,10,1e-05,1e-05,0.7891472578048706,0.7576665225793627,0.8206279930303785
2,100,5e-05,0.005,0.7720929980278015,0.7397194831022439,0.8044665129533591
3,150,1e-06,0.001,0.7627906799316406,0.7299626532761267,0.7956187065871545
4,25,0.0,0.005,0.7705426216125488,0.7380918101802769,0.8029934330448207
5,200,0.0001,1e-05,0.7844961285591125,0.7527640036877234,0.8162282534305016
6,75,0.001,0.0,0.7751938104629517,0.7429767809864006,0.8074108399395027
7,150,0.005,0.0,0.7286821603775024,0.6943671244585322,0.7629971962964727
8,75,4.9999999999999996e-06,0.0001,0.7860465049743652,0.7543975024358799,0.8176955075128506
9,10,0.0005,0.0001,0.7844961285591125,0.7527640036877234,0.8162282534305016
10,75,0.0,1e-06,0.7860465049743652,0.7543975024358799,0.8176955075128506
11,50,0.0,5e-05,0.7581395506858826,0.7250924610448685,0.7911866403268967
12,75,1e-06,1e-05,0.7689922451972961,0.7364647610606795,0.8015197293339128
13,200,0.0001,1e-06,0.7984496355056763,0.7674902899614553,0.8294089810498972
14,50,1e-06,0.001,0.7751938104629517,0.7429767809864006,0.8074108399395027
15,100,0.0,0.005,0.7612403035163879,0.7283386586794438,0.7941419483533321
16,10,4.9999999999999996e-06,5e-05,0.7674418687820435,0.7348383313425224,0.8000454062215645
17,50,5e-05,5e-05,0.7674418687820435,0.7348383313425224,0.8000454062215645
18,25,0.001,5e-05,0.778294563293457,0.7462365662910213,0.8103525602958928
19,75,5e-05,1e-05,0.7720929980278015,0.7397194831022439,0.8044665129533591
20,10,0.0,4.9999999999999996e-06,0.7906976938247681,0.7593021177069283,0.8220932699426078
21,25,5e-05,0.0001,0.7767441868782043,0.7446063525358462,0.8088820212205625
22,150,0.0001,5e-05,0.7875968813896179,0.7560316736099107,0.8191620891693251
23,100,1e-05,1e-06,0.7937984466552734,0.7625752544380852,0.8250216388724617
24,10,1e-05,1e-06,0.7906976938247681,0.7593021177069283,0.8220932699426078
25,150,0.001,0.0005,0.7751938104629517,0.7429767809864006,0.8074108399395027
26,50,0.0005,1e-05,0.7937984466552734,0.7625752544380852,0.8250216388724617
27,75,4.9999999999999996e-06,0.001,0.7658914923667908,0.7332125167012339,0.7985704680323477
28,200,0.0001,0.0001,0.7922480702400208,0.7609383388108377,0.8235578016692038
29,50,1e-06,4.9999999999999996e-06,0.7798449397087097,0.7478674270620558,0.8118224523553637
30,10,0.0001,1e-06,0.7860465049743652,0.7543975024358799,0.8176955075128506
31,50,5e-05,0.0001,0.773643434047699,0.7413478469182402,0.8059390211771578
32,200,5e-05,1e-06,0.7937984466552734,0.7625752544380852,0.8250216388724617
33,50,0.001,1e-05,0.7813953757286072,0.749499002483355,0.8132917489738594
34,75,0.0001,0.005,0.7658914923667908,0.7332125167012339,0.7985704680323477
35,150,0.0001,0.0005,0.7674418687820435,0.7348383313425224,0.8000454062215645
36,200,0.0,5e-05,0.7720929980278015,0.7397194831022439,0.8044665129533591
37,25,0.0001,1e-06,0.7860465049743652,0.7543975024358799,0.8176955075128506
38,25,4.9999999999999996e-06,1e-05,0.7875968813896179,0.7560316736099107,0.8191620891693251
39,75,1e-06,4.9999999999999996e-06,0.7705426216125488,0.7380918101802769,0.8029934330448207
40,25,1e-05,1e-05,0.7860465049743652,0.7543975024358799,0.8176955075128506
41,150,0.005,0.0005,0.7271317839622498,0.6927554741940165,0.761508093730483
42,100,1e-05,4.9999999999999996e-06,0.7751938104629517,0.7429767809864006,0.8074108399395027
43,150,0.0,0.0,0.7751938104629517,0.7429767809864006,0.8074108399395027
44,25,1e-05,0.0,0.778294563293457,0.7462365662910213,0.8103525602958928
45,100,0.0005,0.001,0.7767441868782043,0.7446063525358462,0.8088820212205625
46,150,4.9999999999999996e-06,1e-05,0.7860465049743652,0.7543975024358799,0.8176955075128506
47,100,0.001,0.001,0.7844961285591125,0.7527640036877234,0.8162282534305016
48,50,0.0005,0.0005,0.7844961285591125,0.7527640036877234,0.8162282534305016
49,150,1e-06,1e-06,0.7875968813896179,0.7560316736099107,0.8191620891693251
