,neurons,lamb1,lamb2,score,lower_ci,upper_ci
0,25,5e-05,0.0005,0.8775193691253662,0.8522183347318105,0.9028204035189219
1,10,1e-05,1e-05,0.9333333373069763,0.9140825293843717,0.9525841452295809
2,100,5e-05,0.005,0.8775193691253662,0.8522183347318105,0.9028204035189219
3,150,1e-06,0.001,0.9162790775299072,0.8949040293918576,0.9376541256679568
4,25,0.0,0.005,0.9069767594337463,0.8845601448096998,0.9293933740577929
5,200,0.0001,1e-05,0.9116278886795044,0.8897229202857679,0.9335328570732409
6,75,0.001,0.0,0.8713178038597107,0.845475945593706,0.8971596621257154
7,150,0.005,0.0,0.8232558369636536,0.7938173040144761,0.852694369912831
8,75,4.9999999999999996e-06,0.0001,0.9240310192108154,0.9035836405709837,0.9444783978506471
9,10,0.0005,0.0001,0.8899224996566772,0.8657678030432178,0.9140771962701367
10,75,0.0,1e-06,0.9224806427955627,0.901843007835949,0.9431182777551765
11,50,0.0,5e-05,0.9333333373069763,0.9140825293843717,0.9525841452295809
12,75,1e-06,1e-05,0.9286821484565735,0.9088207927931686,0.9485435041199783
13,200,0.0001,1e-06,0.9209302067756653,0.9001047337500013,0.9417556798013292
14,50,1e-06,0.001,0.9116278886795044,0.8897229202857679,0.9335328570732409
15,100,0.0,0.005,0.8573643565177917,0.8303762162215588,0.8843524968140247
16,10,4.9999999999999996e-06,5e-05,0.9317829608917236,0.9123257749632568,0.9512401468201904
17,50,5e-05,5e-05,0.9162790775299072,0.8949040293918576,0.9376541256679568
18,25,0.001,5e-05,0.9007751941680908,0.8777026996288517,0.9238476887073299
19,75,5e-05,1e-05,0.9286821484565735,0.9088207927931686,0.9485435041199783
20,10,0.0,4.9999999999999996e-06,0.9162790775299072,0.8949040293918576,0.9376541256679568
21,25,5e-05,0.0001,0.9286821484565735,0.9088207927931686,0.9485435041199783
22,150,0.0001,5e-05,0.843410849571228,0.8153644808271514,0.8714572183153046
23,100,1e-05,1e-06,0.9333333373069763,0.9140825293843717,0.9525841452295809
24,10,1e-05,1e-06,0.9131782650947571,0.89144783975666,0.9349086904328542
25,150,0.001,0.0005,0.8480620384216309,0.8203592698766561,0.8757648069666056
26,50,0.0005,1e-05,0.8992248177528381,0.8759927881502024,0.9224568473554738
27,75,4.9999999999999996e-06,0.001,0.8852713108062744,0.8606761070394267,0.9098665145731222
28,200,0.0001,0.0001,0.9116278886795044,0.8897229202857679,0.9335328570732409
29,50,1e-06,4.9999999999999996e-06,0.9286821484565735,0.9088207927931686,0.9485435041199783
30,10,0.0001,1e-06,0.7875968813896179,0.7560316736099107,0.8191620891693251
31,50,5e-05,0.0001,0.9224806427955627,0.901843007835949,0.9431182777551765
32,200,5e-05,1e-06,0.9193798303604126,0.898368886915095,0.9403907738057302
33,50,0.001,1e-05,0.8620154857635498,0.835399109798388,0.8886318617287116
34,75,0.0001,0.005,0.8573643565177917,0.8303762162215588,0.8843524968140247
35,150,0.0001,0.0005,0.9147287011146545,0.8931749032213397,0.9362824990079693
36,200,0.0,5e-05,0.9209302067756653,0.9001047337500013,0.9417556798013292
37,25,0.0001,1e-06,0.9193798303604126,0.898368886915095,0.9403907738057302
38,25,4.9999999999999996e-06,1e-05,0.9410852789878845,0.9229132836488702,0.9592572743268989
39,75,1e-06,4.9999999999999996e-06,0.9193798303604126,0.898368886915095,0.9403907738057302
40,25,1e-05,1e-05,0.934883713722229,0.9158422722127602,0.9539251552316979
41,150,0.005,0.0005,0.8449612259864807,0.8170284070057069,0.8728940449672545
42,100,1e-05,4.9999999999999996e-06,0.9317829608917236,0.9123257749632568,0.9512401468201904
43,150,0.0,0.0,0.9255813956260681,0.9053267670828823,0.9458360241692539
44,25,1e-05,0.0,0.930232584476471,0.9105719148412766,0.9498932541116653
45,100,0.0005,0.001,0.8930232524871826,0.8691697425576312,0.916876762416734
46,150,4.9999999999999996e-06,1e-05,0.934883713722229,0.9158422722127602,0.9539251552316979
47,100,0.001,0.001,0.8759689927101135,0.8505308314501617,0.9014071539700653
48,50,0.0005,0.0005,0.9038759469985962,0.8811277664806643,0.9266241275165281
49,150,1e-06,1e-06,0.9255813956260681,0.9053267670828823,0.9458360241692539
