,max_depth,learning_rate,gamma,reg_lambda,n_est,score,lower_ci,upper_ci
0,7,0.5,0.0,1000.0,67,0.905426,0.8828426391654689,0.928009360834531
1,5,0.5,1e-05,500.0,80,0.900775,0.8777024853727805,0.9238475146272195
2,9,1.0,0.0001,50.0,18,0.914729,0.8931752363596239,0.9362827636403761
3,5,1.0,0.0001,10.0,27,0.922481,0.9018434085932587,0.9431185914067413
4,3,0.1,0.01,500.0,45,0.80155,0.7707701091882802,0.8323298908117198
5,9,0.5,1.0,50.0,14,0.908527,0.886278968304287,0.930775031695713
6,9,1.0,0.1,1000.0,31,0.905426,0.8828426391654689,0.928009360834531
7,7,1.0,0.0,10.0,18,0.91938,0.8983690767217112,0.9403909232782888
8,9,0.1,0.01,500.0,67,0.893023,0.8691694652929561,0.9168765347070439
9,5,0.1,0.1,50.0,109,0.900775,0.8777024853727805,0.9238475146272195
10,3,1.0,0.1,1000.0,113,0.894574,0.8708734614621157,0.9182745385378842
11,9,1.0,0.1,100.0,43,0.922481,0.9018434085932587,0.9431185914067413
12,5,0.1,0.0,50.0,110,0.903876,0.881127825086624,0.926624174913376
13,5,0.1,1e-05,1000.0,30,0.820155,0.790515329825728,0.8497946701742719
14,5,0.1,1.0,500.0,76,0.868217,0.8421122191528927,0.8943217808471073
15,7,0.5,0.0001,300.0,36,0.903876,0.881127825086624,0.926624174913376
16,5,0.1,0.001,500.0,77,0.869767,0.84379303807939,0.8957409619206099
17,3,0.1,0.1,50.0,156,0.897674,0.8742840907875424,0.9210639092124575
18,3,0.1,0.0,100.0,179,0.889922,0.8657672553468587,0.9140767446531413
19,3,0.5,0.1,50.0,52,0.911628,0.8897230440654562,0.9335329559345438
20,9,0.1,0.0001,500.0,48,0.889922,0.8657672553468587,0.9140767446531413
21,7,0.1,1e-05,1000.0,9,0.832558,0.8037431963497428,0.8613728036502573
22,5,1.0,1e-05,300.0,53,0.911628,0.8897230440654562,0.9335329559345438
23,9,1.0,0.0,500.0,20,0.906977,0.8845604113887532,0.9293935886112469
24,5,0.5,0.0001,10.0,41,0.922481,0.9018434085932587,0.9431185914067413
25,5,0.5,1e-05,10.0,41,0.922481,0.9018434085932587,0.9431185914067413
26,3,0.1,1.0,500.0,46,0.80155,0.7707701091882802,0.8323298908117198
27,5,1.0,0.1,300.0,52,0.911628,0.8897230440654562,0.9335329559345438
28,9,0.1,0.0,100.0,58,0.900775,0.8777024853727805,0.9238475146272195
29,9,0.5,0.0,50.0,34,0.916279,0.8949039428690653,0.9376540571309346
30,7,0.1,0.0001,100.0,70,0.8992249999999999,0.8759929890501565,0.9224570109498433
31,3,1.0,1.0,300.0,76,0.8992249999999999,0.8759929890501565,0.9224570109498433
32,5,0.5,0.1,500.0,80,0.8992249999999999,0.8759929890501565,0.9224570109498433
33,9,0.1,1.0,300.0,39,0.889922,0.8657672553468587,0.9140767446531413
34,3,0.1,0.001,500.0,46,0.80155,0.7707701091882802,0.8323298908117198
35,9,1.0,0.0,300.0,51,0.917829,0.8966348312452403,0.9390231687547597
36,9,0.5,1.0,100.0,15,0.906977,0.8845604113887532,0.9293935886112469
37,9,0.1,0.0,50.0,55,0.905426,0.8828426391654689,0.928009360834531
38,7,0.1,0.1,10.0,50,0.908527,0.886278968304287,0.930775031695713
39,3,0.1,0.0,300.0,32,0.796899,0.7658509816917136,0.8279470183082864
40,7,0.5,0.01,50.0,46,0.916279,0.8949039428690653,0.9376540571309346
41,9,0.5,1.0,10.0,37,0.91938,0.8983690767217112,0.9403909232782888
42,7,1.0,0.01,300.0,73,0.91938,0.8983690767217112,0.9403909232782888
43,9,0.5,0.0001,50.0,36,0.914729,0.8931752363596239,0.9362827636403761
44,9,0.1,0.01,1000.0,3,0.855814,0.828704128796076,0.8829238712039239
45,5,1.0,0.01,50.0,21,0.911628,0.8897230440654562,0.9335329559345438
46,5,0.1,0.01,100.0,88,0.891473,0.867468138190598,0.9154778618094019
47,5,0.1,0.0,500.0,77,0.869767,0.84379303807939,0.8957409619206099
48,5,0.5,1.0,1000.0,50,0.871318,0.8454761585197754,0.8971598414802247
49,7,0.5,0.0001,50.0,54,0.917829,0.8966348312452403,0.9390231687547597
