,neurons,lamb1,lamb2,score,lower_ci,upper_ci
0,25,5e-05,0.0005,0.8883720636367798,0.8640690512308914,0.9126750760426682
1,10,1e-05,1e-05,0.9054263830184937,0.8828430631379124,0.9280097028990749
2,100,5e-05,0.005,0.8682170510292053,0.8421122744691139,0.8943218275892968
3,150,1e-06,0.001,0.882170557975769,0.8572888949418312,0.9070522210097068
4,25,0.0,0.005,0.8837209343910217,0.8589817970172189,0.9084600717648246
5,200,0.0001,1e-05,0.8852713108062744,0.8606761070394267,0.9098665145731222
6,75,0.001,0.0,0.9116278886795044,0.8897229202857679,0.9335328570732409
7,150,0.005,0.0,0.9131782650947571,0.89144783975666,0.9349086904328542
8,75,4.9999999999999996e-06,0.0001,0.9007751941680908,0.8777026996288517,0.9238476887073299
9,10,0.0005,0.0001,0.9038759469985962,0.8811277664806643,0.9266241275165281
10,75,0.0,1e-06,0.8899224996566772,0.8657678030432178,0.9140771962701367
11,50,0.0,5e-05,0.8976744413375854,0.8742845768163943,0.9210643058587766
12,75,1e-06,1e-05,0.896124005317688,0.8725779658609172,0.9196700447744588
13,200,0.0001,1e-06,0.8868216872215271,0.8623718498737438,0.9112715245693104
14,50,1e-06,0.001,0.8868216872215271,0.8623718498737438,0.9112715245693104
15,100,0.0,0.005,0.8775193691253662,0.8522183347318105,0.9028204035189219
16,10,4.9999999999999996e-06,5e-05,0.9023255705833435,0.8794143467675778,0.9252367943991092
17,50,5e-05,5e-05,0.9038759469985962,0.8811277664806643,0.9266241275165281
18,25,0.001,5e-05,0.9209302067756653,0.9001047337500013,0.9417556798013292
19,75,5e-05,1e-05,0.8945736289024353,0.8708730535677351,0.9182742042371355
20,10,0.0,4.9999999999999996e-06,0.9023255705833435,0.8794143467675778,0.9252367943991092
21,25,5e-05,0.0001,0.9023255705833435,0.8794143467675778,0.9252367943991092
22,150,0.0001,5e-05,0.8914728760719299,0.8674680022253539,0.915477749918506
23,100,1e-05,1e-06,0.9069767594337463,0.8845601448096998,0.9293933740577929
24,10,1e-05,1e-06,0.9023255705833435,0.8794143467675778,0.9252367943991092
25,150,0.001,0.0005,0.9240310192108154,0.9035836405709837,0.9444783978506471
26,50,0.0005,1e-05,0.9069767594337463,0.8845601448096998,0.9293933740577929
27,75,4.9999999999999996e-06,0.001,0.8790697455406189,0.8539071542164353,0.9042323368648025
28,200,0.0001,0.0001,0.8666666746139526,0.8404322454976284,0.8929011037302769
29,50,1e-06,4.9999999999999996e-06,0.896124005317688,0.8725779658609172,0.9196700447744588
30,10,0.0001,1e-06,0.896124005317688,0.8725779658609172,0.9196700447744588
31,50,5e-05,0.0001,0.8868216872215271,0.8623718498737438,0.9112715245693104
32,200,5e-05,1e-06,0.8899224996566772,0.8657678030432178,0.9140771962701367
33,50,0.001,1e-05,0.908527135848999,0.8862791190105301,0.9307751526874679
34,75,0.0001,0.005,0.8806201815605164,0.8555973767549718,0.9056429863660609
35,150,0.0001,0.0005,0.8868216872215271,0.8623718498737438,0.9112715245693104
36,200,0.0,5e-05,0.8883720636367798,0.8640690512308914,0.9126750760426682
37,25,0.0001,1e-06,0.8945736289024353,0.8708730535677351,0.9182742042371355
38,25,4.9999999999999996e-06,1e-05,0.8992248177528381,0.8759927881502024,0.9224568473554738
39,75,1e-06,4.9999999999999996e-06,0.908527135848999,0.8862791190105301,0.9307751526874679
40,25,1e-05,1e-05,0.9023255705833435,0.8794143467675778,0.9252367943991092
41,150,0.005,0.0005,0.9116278886795044,0.8897229202857679,0.9335328570732409
42,100,1e-05,4.9999999999999996e-06,0.9054263830184937,0.8828430631379124,0.9280097028990749
43,150,0.0,0.0,0.8713178038597107,0.845475945593706,0.8971596621257154
44,25,1e-05,0.0,0.8899224996566772,0.8657678030432178,0.9140771962701367
45,100,0.0005,0.001,0.9038759469985962,0.8811277664806643,0.9266241275165281
46,150,4.9999999999999996e-06,1e-05,0.9147287011146545,0.8931749032213397,0.9362824990079693
47,100,0.001,0.001,0.9178294539451599,0.8966353384918218,0.9390235693984981
48,50,0.0005,0.0005,0.896124005317688,0.8725779658609172,0.9196700447744588
49,150,1e-06,1e-06,0.9116278886795044,0.8897229202857679,0.9335328570732409
